0.999998 -0.002120 0.000355 -0.000274 0.002120 0.999998 0.000052 -0.000921 -0.000355 -0.000051 1.000000 0.000552
0.993724 -0.023333 -0.109400 -0.016535 0.022279 0.999693 -0.010845 0.002316 0.109620 0.008339 0.993939 -0.009923
0.997656 -0.043456 -0.052867 0.130384 0.043038 0.999033 -0.009019 0.243068 0.053208 0.006723 0.998561 0.020462
0.996982 -0.056797 -0.052917 0.203889 0.056359 0.998363 -0.009735 0.364472 0.053383 0.006724 0.998551 0.022976
0.996888 -0.063498 -0.046725 0.328962 0.063298 0.997978 -0.005746 0.564805 0.046996 0.002771 0.998891 0.042776
0.998391 -0.044884 -0.034666 0.445794 0.044569 0.998958 -0.009829 0.761936 0.035071 0.008268 0.999351 0.062474
0.999093 -0.028853 -0.031311 0.627526 0.028971 0.999575 0.003323 1.082304 0.031202 -0.004227 0.999504 0.090180
0.997573 0.068436 -0.012791 0.807930 -0.068409 0.997654 0.002565 1.378086 0.012936 -0.001684 0.999915 0.118031
0.990276 0.138282 -0.015192 0.929716 -0.138325 0.990385 -0.001826 1.554683 0.014793 0.003909 0.999883 0.136668
0.977693 0.209812 -0.009754 1.122637 -0.209921 0.977646 -0.011862 1.799762 0.007047 0.013645 0.999882 0.165176
0.946319 0.322940 -0.013832 1.481278 -0.323235 0.945540 -0.038386 2.162827 0.000682 0.040796 0.999167 0.211528
0.895131 0.445061 -0.025728 1.749469 -0.445564 0.891267 -0.084361 2.398571 -0.014615 0.086977 0.996103 0.248701
0.820405 0.570540 -0.037672 1.915228 -0.571571 0.816528 -0.081169 2.521529 -0.015550 0.088123 0.995988 0.273117
0.756448 0.652701 -0.042053 2.137656 -0.653917 0.753412 -0.069016 2.633492 -0.013363 0.079706 0.996729 0.309853
0.686052 0.725346 -0.056621 2.388286 -0.727174 0.681106 -0.085512 2.727503 -0.023461 0.099839 0.994727 0.352289
0.602993 0.795821 -0.055382 2.677059 -0.796493 0.596705 -0.097685 2.802528 -0.044693 0.103015 0.993675 0.399265
0.523672 0.849551 -0.063488 2.965997 -0.849157 0.514526 -0.119139 2.843199 -0.068548 0.116301 0.990846 0.448976
0.440500 0.894830 -0.072386 3.240699 -0.893154 0.428666 -0.136092 2.865611 -0.090749 0.124601 0.988048 0.495842
0.380006 0.922649 -0.065686 3.520551 -0.911270 0.361244 -0.197710 2.848270 -0.158688 0.134989 0.978057 0.541594
0.320561 0.942752 -0.091979 3.759508 -0.932378 0.296917 -0.206184 2.821650 -0.167070 0.151854 0.974181 0.578468
0.254399 0.959946 -0.117405 4.011986 -0.953084 0.228265 -0.198811 2.794672 -0.164049 0.162474 0.972980 0.623110
0.217345 0.965561 -0.143013 4.245133 -0.961569 0.186617 -0.201391 2.745501 -0.167766 0.181288 0.969015 0.662762
0.193575 0.965934 -0.171757 4.528900 -0.966857 0.158113 -0.200469 2.677876 -0.166483 0.204870 0.964527 0.700619
0.126197 0.974993 -0.182930 4.829660 -0.975819 0.088833 -0.199713 2.596675 -0.178468 0.203710 0.962627 0.747958
0.082413 0.977274 -0.195305 5.067052 -0.979524 0.043310 -0.196615 2.520002 -0.183688 0.207510 0.960832 0.780457
0.042881 0.978584 -0.201333 5.252563 -0.981063 0.003146 -0.193665 2.456223 -0.188884 0.205825 0.960187 0.810625
0.008462 0.978842 -0.204443 5.395463 -0.981896 -0.030556 -0.186940 2.400176 -0.189232 0.202323 0.960862 0.831666
